1 0 0 -1
2 0.5 0 -1
3 0.5 0 -1.5
4 4.5 0 -1.5
5 4.5 0 -1
6 5 0 -1
7 5 0 -4.5
8 4.5 0 -4.5
9 4.5 0 -5
10 0.5 0 -5
11 0.5 0 -4.5
12 0 0 -4.5
20 0 0 -1
21 0.5 0 -1
22 0.5 0.5 -1
23 4.5 0.5 -1
24 4.5 0 -1
25 5 0 -1
26 5 1 -1
27 0 1 -1
30 0 0 -1
31 0 0 -4.5
32 0 0.5 -4.5
33 0 0.5 -5
34 0 1 -5
35 0 1 -1
40 5 0 -1
41 5 0 -4.5
42 5 0.5 -4.5
43 5 0.5 -5
44 5 1 -5
45 5 1 -1
50 0.5 0 -5
51 4.5 0 -5
52 4.5 0.5 -5
53 5 0.5 -5
54 5 1 -5
55 0 1 -5
56 0 0.5 -5
57 0.5 0.5 -5
100 0 1 -4.5
101 0.5 1 -4.5
102 0.5 1.5 -4.5
103 0 1.5 -4.5
104 0.5 1 -4.5
105 0.5 1 -5
106 0.5 1.5 -5
107 0.5 1.5 -4.5
108 0 1 -5
109 0.5 1 -5
110 0.5 1.5 -5
111 0 1.5 -5
112 0 1 -4.5
113 0 1 -5
114 0 1.5 -5
115 0 1.5 -4.5
116 0 1.5 -4.5
117 0.5 1.5 -4.5
118 0.5 1.5 -5
119 0 1.5 -5
120 4.5 1 -4.5
121 5 1 -4.5
122 5 1.5 -4.5
123 4.5 1.5 -4.5
124 5 1 -4.5
125 5 1 -5
126 5 1.5 -5
127 5 1.5 -4.5
128 4.5 1 -4.5
129 4.5 1 -5
130 4.5 1.5 -5
131 4.5 1.5 -4.5
132 4.5 1 -5
133 5 1 -5
134 5 1.5 -5
135 4.5 1.5 -5
136 4.5 1.5 -4.5
137 5 1.5 -4.5
138 5 1.5 -5
139 4.5 1.5 -5
150 0.6 1.1 -5
151 4.4 1.1 -5
152 4.4 1.6 -5
153 5 1.6 -5
154 5 5 -5
155 0 5 -5
156 0 1.6 -5
157 0.6 1.6 -5
160 0.6 1.1 -4.5
161 4.4 1.1 -4.5
162 4.4 1.6 -4.5
163 0.6 1.6 -4.5
164 0.6 1.6 -4.5
165 4.4 1.6 -4.5
166 4.4 1.6 -5
167 0.6 1.6 -5
168 0.6 1.1 -4.5
169 4.4 1.1 -4.5
170 4.4 1.1 -5
171 0.6 1.1 -5
172 0.6 1.1 -4.5
173 0.6 1.1 -5
174 0.6 1.6 -5
175 0.6 1.6 -4.5
176 4.4 1.1 -4.5
177 4.4 1.1 -5
178 4.4 1.6 -5
179 4.4 1.6 -4.5
180 0.5 2 -4.99
181 0.5 2 -4.7
182 4.5 2 -4.99
183 4.5 2 -4.7
184 4.5 4.5 -4.99
185 4.5 4.5 -4.7
186 0.5 4.5 -4.99
187 0.5 4.5 -4.7
188 5 1.6 -5
189 5 5 -5
190 5 5 -4.5
191 5 1.6 -4.5
192 5 5 -5
193 0 5 -5
194 0 5 -4.5
195 5 5 -4.5
196 0 5 -5
197 0 1.6 -5
198 0 1.6 -4.5
199 0 5 -4.5
200 0 1.6 -5
201 5 1.6 -5
202 5 1.6 -4.5
203 0 1.6 -4.5
205 0 1.6 -4.5
206 0.5 2 -4.7
207 4.5 2 -4.7
208 5 1.6 -4.5
209 5 5 -4.5
210 4.5 4.5 -4.7
211 4.5 2 -4.7
212 5 1.6 -4.5
213 5 5 -4.5
214 4.5 4.5 -4.7
215 0.5 4.5 -4.7
216 0 5 -4.5
217 0 1.6 -4.5
218 0.5 2 -4.7
219 0.5 4.5 -4.7
220 0 5 -4.5
230 -0.1 0.05 -4.55
231 0.45 0.05 -4.55
232 0.45 0.45 -4.55
233 -0.1 0.45 -4.55
234 -0.1 0.05 -5.05
235 0.45 0.05 -5.05
236 0.45 0.45 -5.05
237 -0.1 0.45 -5.05
240 4.55 0.05 -4.55
241 5.1 0.05 -4.55
242 5.1 0.45 -4.55
243 4.55 0.45 -4.55
244 4.55 0.05 -5.05
245 5.1 0.05 -5.05
246 5.1 0.45 -5.05
247 4.55 0.45 -5.05
250 0 1 -1
251 5 1 -1
252 5 1 -5
253 0 1 -5
260 0.5 1.25 -3.3
261 1 1.25 -3.3
262 1 1.25 -3.8
263 1.5 1.25 -3.8
264 1.5 1.25 -3.3
265 2 1.25 -3.3
266 2 1.25 -2.8
267 1.5 1.25 -2.8
268 1.5 1.25 -2.3
269 1 1.25 -2.3
270 1 1.25 -2.8
271 0.5 1.25 -2.8
280 0.5 0.95 -3.3
281 1 0.95 -3.3
282 1 0.95 -3.8
283 1.5 0.95 -3.8
284 1.5 0.95 -3.3
285 2 0.95 -3.3
286 2 0.95 -2.8
287 1.5 0.95 -2.8
288 1.5 0.95 -2.3
289 1 0.95 -2.3
290 1 0.95 -2.8
291 0.5 0.95 -2.8
301 2.75 1.25 -3
302 2.78 1.25 -3.15
303 2.85 1.25 -3.22
304 3 1.25 -3.25
305 3.15 1.25 -3.22
306 3.22 1.25 -3.15
307 3.25 1.25 -3
308 3.22 1.25 -2.85
309 3.15 1.25 -2.78
310 3 1.25 -2.75
311 2.85 1.25 -2.78
312 2.78 1.25 -2.85
313 2.75 0.95 -3
314 3 0.95 -3.25
315 3.25 0.95 -3
316 3 0.95 -2.75
321 3.75 1.25 -3
322 3.78 1.25 -3.15
323 3.85 1.25 -3.22
324 4 1.25 -3.25
325 4.15 1.25 -3.22
326 4.22 1.25 -3.15
327 4.25 1.25 -3
328 4.22 1.25 -2.85
329 4.15 1.25 -2.78
330 4 1.25 -2.75
331 3.85 1.25 -2.78
332 3.78 1.25 -2.85
333 3.75 0.95 -3
334 4 0.95 -3.25
335 4.25 0.95 -3
336 4 0.95 -2.75
900 1 1.35 -4.75
901 4 1.35 -4.75
902 0.5 1.05 -3.05
903 2 1.05 -3.05
904 1.25 1.05 -3.8
905 1.25 1.05 -2.8


Faces:
1 2 3 4 5 6 7 8 9 10 11 12.
1 12 11 10 9 8 7 6 5 4 3 2.
20 21 22 23 24 25 26 27.
27 26 25 24 23 22 21 20.
30 31 32 33 34 35.
35 34 33 32 31 30.
40 41 42 43 44 45.
45 44 43 42 41 40.
50 51 52 53 54 55 56 57.
57 56 55 54 53 52 51 50.
100 101 102 103.
103 102 101 100.
104 105 106 107.
107 106 105 104.
108 109 110 111.
111 110 109 108.
112 113 114 115.
115 114 113 112.
116 117 118 119.
120 121 122 123.
123 122 121 120.
124 125 126 127.
127 126 125 124.
128 129 130 131.
131 130 129 128.
132 133 134 135.
135 134 133 132.
136 137 138 139.
150 151 152 153 154 155 156 157.
157 156 155 154 153 152 151 150.
160 161 162 163.
163 162 161 160.
164 165 166 167.
167 166 165 164.
168 169 170 171.
171 170 169 168.
172 173 174 175.
175 174 173 172.
176 177 178 179.
179 178 177 176.
188 189 190 191.
191 190 189 188.
192 193 194 195.
195 194 193 192.
196 197 198 199.
199 198 197 196.
200 201 202 203.
203 202 201 200.
180 182 183 181.
181 183 182 180.
182 184 185 183.
183 185 184 182.
184 186 187 185.
185 187 186 184.
186 180 181 187.
187 181 180 186.
181 183 185 187.
208 207 206 205.
205 206 207 208.
209 210 211 212.
212 211 210 209.
213 214 215 216.
216 215 214 213.
217 218 219 220.
220 219 218 217.
230 231 232 233.
233 232 231 230.
234 235 236 237.
237 236 235 234.
230 234 237 233.
233 237 234 230.
230 231 235 234.
234 235 231 230.
231 235 236 232.
233 232 236 237.
237 236 232 233.
240 244 247 243.
243 247 244 240.
240 241 245 244.
244 245 241 240.
241 245 246 242.
242 246 245 241.
243 242 246 247.
247 246 242 243.
240 241 242 243.
243 242 241 240.
244 245 246 247.
247 246 245 244.
250 251 252 253.
253 252 251 250.
260 261 262 263 264 265 266 267 268 269 270 271.
271 270 269 268 267 266 265 264 263 262 261 260.
280 281 282 283 284 285 286 287 288 289 290 291.
291 290 289 288 287 286 285 284 283 282 281 280.
312 311 310 309 308 307 306 305 304 303 302 301.
301 302 303 304 305 306 307 308 309 310 311 312.
332 331 330 329 328 327 326 325 324 323 322 321.
321 322 323 324 325 326 327 328 329 330 331 332.
313 301.
301 313.
315 307.
307 315.
321 333.
333 321.
327 335.
335 327.