// 1
201 0 0.5 0
202 0.5 0.5 0
203 0.5 6.2 0
204 0 6.2 0

//2 abajo
205 4.7 0.5 0
206 4.7 0.8 0
207 0.5 0.8 0

//3 arriba
208 0.5 5.9 0
209 7.5 5.9 0
210 7.5 6.2 0
211 0.5 6.2 0 

// 4 entre las puertas
212 4.95 0.8 0
213 5.30 0.8 0
214 5.30 5.9 0
215 4.95 5.9 0

// 5 lado derecho
216 7.2 0.8 0
217 7.5 0.8 0
218 7.5 5.9 0
219 7.2 5.9 0

//cajon 1
230 7.2 2 0
231 5.3 2 0
232 5.3 0.8 -2.5
233 7.2 0.8 -2.5
234 7.2 2 -2.5
235 5.3 2 -2.5
236 5.3 0.8 0
237 7.2 0.8 0


232 233 237 236.




// arriba del cajon 1
250 5.3 2.05 0
251 7.2 2.05 0
252 7.2 2.50 0
253 5.3 2.50 0
254 7.2 2.50 -2.5
255 5.3 2.50 -2.5

//cajon 2 
260 5.3 2.55 0
261 7.2 2.55 0
262 7.2 3.75 0
263 5.3 3.75 0
----abajo
264 5.3 2.55 -2.5
265 7.2 2.55 -2.5
--izq
266 5.3 3.75 -2.5
----der
267 7.2 3.75 -2.5

//arriba del cajon 2
280 5.3 3.80 0
281 7.2 3.80 0
282 7.2 4.25 0
283 5.3 4.25 0
284 7.2 4.25 -2.5
285 5.3 4.25 -2.5

//cajon 3 
290 5.3 4.30 0
291 7.2 4.30 0
292 7.2 5.5 0
293 5.3 5.5 0
----abajo
294 5.3 4.30 -2.5
295 7.2 4.30 -2.5
--izq
296 5.3 5.50 -2.5
----der
297 7.2 5.50 -2.5

//arriba del cajon 3
300 5.3 5.54 0
301 7.2 5.54 0
302 7.2 5.9 0
303 5.3 5.9 0
304 7.2 5.54 -2.5
305 5.3 5.54 -2.5

//divisor entre cajones
310 5.1 0.8 -2.9
311 5.1 0.8 0
312 5.1 6.2 0
313 5.1 6.2 -2.9


//barra de adentro
320 0.1 5.3 -1.3-
321 0.1 5.5 -1.3--
322 0.1 5.3 -1.5
323 0.1 5.5 -1.5-
324 5.1 5.3 -1.3-
325 5.1 5.5 -1.3--
326 5.1 5.3 -1.5
327 5.1 5.5 -1.5


320 324.
321 325.
322 326.
323 327.


0.8 a 5.9 = 5.1 y  1 de alto
5.3 a 7.2 = 1.9 X


213 216 230 231.
232 233 234 235

Faces:
201 202 203 204.
202 205 206 207.
208 209 210 211.
212 213 214 215.
216 217 218 219.

204 14 