197
    //cara de enfrente
1 0 0 0
2 0.3 0 0
3 0.5 0.5 0
4 7 0.5 0
5 7.2 0 0 
6 7.5 0 0
7 7.5 6 0 
8 7.75 6.1 0
9 8 6.2 0
10 -0.5 6.2 0
11 -0.25 6.1 0
     //esquina superior derecha
12 7.75 6 0
13 8 6.1 0
     //esquina superior izquierda
14 -0.25 6 0
15 -0.5 6.1 0
16 0 6 0
        //caras de atras
20 0 0 -3
21 0.3 0 -3
22 0.5 0.5 -3
23 7 0.5 -3
24 7.2 0 -3 
25 7.5 0 -3
26 7.5 6 -3 
27 7.75 6.1 -3
28 8 6.2 -3
29 -0.5 6.2 -3
30 -0.25 6.1 -3
  // esquinas de atras 
31 7.75 6 -3
32 8 6.1 -3
33 -0.25 6 -3
34 -0.5 6.1 -3
35 0 6 -3

// cara de abajo
50 0 0.5 0      
51 7.5 0.5 0    
52 7.5 0.5 -3
53 0 0.5 -3

// cara del lado derecho
54 7.5 0.5 0
55 7.5 0.5 -3
56 7.5 6 -3
57 7.5 6 0
// cara del lado izquierdo
58 0 0.5 0  50 53 35 16.
59 0 0.5 -3
60 0 6 -3
61 0 6 0
// cara de arriba
70 -0.5 6.2 0
71 8 6.2 0
72 8 6.2 -3
73 -0.5 6.2 -3
 // caras de la esquina superior izquierda
80 -0.50 6.1 0
81 -0.50 6.2 0
82 -0.50 6.2 -3
83 -0.50 6.1 -3
84 -0.25 6.1 0
85 -0.25 6.1 -3
86 -0.25 6 0
87 -0.25 6 -3
88 0 6 0
89 0 6 -3
90 7.75 6 0
91 7.75 6 -3
92 8 6.1 0
93 8 6.1 -3
94 8 6.1 0
95 8 6.1 -3
96 8 6.2 0
97 8 6.2 -3
// patas izquierdas del mueble xd
100 0.3 0 0
101 0.3 0 -0.3
102 0 0 -0.3
103 0 0 0
104 0 0.5 -0.3
105 0.5 0.5 -0.3
106 0 0 -2.7
107 0.3 0 -2.7
108 0.3 0 -3
109 0 0 -3
110 0 0.5 2.7
111 0.5 0.5 -2.7

//patas derechas
115 7.2 0 -2.7
116 7.5 0 -2.7
117 7 0.5 -2.7
118 7.5 0.5 -2.7
119 7.2 0 -0.3
120 7.5 0 -0.3
121 7 0.5 -0.3
122 7.5 0.5 -0.3


// puerta1
130 0.5 0.8 0
131 0.5 5.8 0
132 2.7 0.8 0
133 2.7 5.8 0

//puerta2
150 2.75 0.8 0
151 4.95 0.8 0
152 4.95 5.8 0
153 2.75 5.8 0

//puerta3
170 5 0.8 0
171 7.2 0.8 0
172 7.2 5.9 0
173 5 5.9 0
---------------------------------
//dentro del ropero puertas
201 0.5 0.8 0 
202 4.8 0.8 0
203 4.8 5.9 0
204 0.5 5.9 0
205 0.5 0.8 -2.9
206 4.8 0.8 -2.9
207 4.8 5.9 -2.9 
208 0.5 5.9 -2.9

Faces:
205 206 207 208.
205 201.
208 204.
206 202.
203 207.
204 201.
201 202.
202 203.
204 203.
--------------------------------

Faces:
//1 2 3 4 5 6 7 12 8 13 9 10 15 11 14 16.
201 202 203 204.
202 205 206 207.
208 209 210 211.
212 213 214 215.
216 217 218 219.
18 1 2 3.
4 5 6 17.
20 21 22 23 24 25 26 31 27 32 28 29 34 30 33 35.
50 53 52 51.
54 55 56 57.
59 58 16 60.
72 71 70 73.
80 81 82 83.
84 85.
86 87.
88 89.
90 91.
92 93.
94 95.
96 97.
103 102 101 100.
102 104.
101 105.
109 108 107 106.
106 110.
107 111.
24 25 116 115.
130 132 133 131.
150 151 152 153.
236 237 230 231.
236 237 233 232.
233 237 230 234.
232 233 234 235.
232 236 231 235.
250 251 252 253.
253 252 254 255.