18 0 0.5 0
1 0 0 0
2 0.3 0 0
3 0.5 0.5 0
4 7 0.5 0
5 7.2 0 0 
6 7.5 0 0
17 7.5 0.5 0
7 7.5 6 0 
8 7.75 6.1 0
9 8 6.2 0
10 -0.5 6.2 0
11 -0.25 6.1 0
12 7.75 6 0
13 8 6.1 0
14 -0.25 6 0
15 -0.5 6.1 0
16 0 6 0
20 0 0 -3
21 0.3 0 -3
22 0.5 0.5 -3
23 7 0.5 -3
24 7.2 0 -3 
25 7.5 0 -3
26 7.5 6 -3 
27 7.75 6.1 -3
28 8 6.2 -3
29 -0.5 6.2 -3
30 -0.25 6.1 -3
31 7.75 6 -3
32 8 6.1 -3
33 -0.25 6 -3
34 -0.5 6.1 -3
35 0 6 -3
50 0 0.5 0
51 7.5 0.5 0
52 7.5 0.5 -3
53 0 0.5 -3
54 7.5 0.5 0
55 7.5 0.5 -3
56 7.5 6 -3
57 7.5 6 0
58 0 0.5 0
59 0 0.5 -3
60 0 6 -3
70 -0.5 6.2 0
71 8 6.2 0
72 8 6.2 -3
73 -0.5 6.2 -3
80 -0.50 6.1 0
81 -0.50 6.2 0
82 -0.50 6.2 -3
83 -0.50 6.1 -3
84 -0.25 6.1 0
85 -0.25 6.1 -3
86 -0.25 6 0
87 -0.25 6 -3
88 0 6 0
89 0 6 -3
90 7.75 6 0
91 7.75 6 -3
92 7.75 6.1 0
93 7.75 6.1 -3
94 8 6.1 0
95 8 6.1 -3
96 8 6.2 0
97 8 6.2 -3
100 0.3 0 0
101 0.3 0 -0.3
102 0 0 -0.3
103 0 0 0
104 0 0.5 -0.3
105 0.5 0.5 -0.3
106 0 0 -2.7
107 0.3 0 -2.7
108 0.3 0 -3
109 0 0 -3
110 0 0.5 -2.7
111 0.5 0.5 -2.7
115 7.2 0 -2.7
116 7.5 0 -2.7
117 7 0.5 -2.7
118 7.5 0.5 -2.7
119 7.2 0 -0.3
120 7.5 0 -0.3
121 7 0.5 -0.3
122 7.5 0.5 -0.3
130 0.5 0.8 0
131 0.5 5.9 0
132 2.7 0.8 0
133 2.7 5.9 0
150 2.75 0.8 0
151 4.95 0.8 0
152 4.95 5.9 0
153 2.75 5.9 0
201 0 0.5 0
202 0.5 0.5 0
203 0.5 6.2 0
204 0 6.2 0
205 7.5 0.5 0
206 7.5 0.8 0
207 0.5 0.8 0
208 0.5 5.9 0
209 7.5 5.9 0
210 7.5 6.2 0
211 0.5 6.2 0 
212 4.95 0.8 0
213 5.30 0.8 0
214 5.30 5.9 0
215 4.95 5.9 0
216 7.2 0.8 0
217 7.5 0.8 0
218 7.5 5.9 0
219 7.2 5.9 0
230 7.2 2 0
231 5.3 2 0
232 5.3 0.8 -2.5
233 7.2 0.8 -2.5
234 7.2 2 -2.5
235 5.3 2 -2.5
236 5.3 0.8 0
237 7.2 0.8 0
250 5.3 2.05 0
251 7.2 2.05 0
252 7.2 2.50 0
253 5.3 2.50 0
254 7.2 2.50 -2.5
255 5.3 2.50 -2.5
260 5.3 2.55 0
261 7.2 2.55 0
262 7.2 3.75 0
263 5.3 3.75 0
264 5.3 2.55 -2.5
265 7.2 2.55 -2.5
266 5.3 3.75 -2.5
267 7.2 3.75 -2.5
280 5.3 3.80 0
281 7.2 3.80 0
282 7.2 4.25 0
283 5.3 4.25 0
284 7.2 4.25 -2.5
285 5.3 4.25 -2.5
290 5.3 4.30 0
291 7.2 4.30 0
292 7.2 5.5 0
293 5.3 5.5 0
294 5.3 4.30 -2.5
295 7.2 4.30 -2.5
296 5.3 5.50 -2.5
297 7.2 5.50 -2.5
300 5.3 5.54 0
301 7.2 5.54 0
302 7.2 5.9 0
303 5.3 5.9 0
304 7.2 5.54 -2.5
305 5.3 5.54 -2.5
310 5.1 0.8 -2.9
311 5.1 0.8 0
312 5.1 6.2 0
313 5.1 6.2 -2.9
320 0.1 5.3 -1.3
321 0.1 5.5 -1.3
322 0.1 5.3 -1.5
323 0.1 5.5 -1.5
324 5.1 5.3 -1.3
325 5.1 5.5 -1.3
326 5.1 5.3 -1.5
327 5.1 5.5 -1.5
Faces:
201 202 203 204.
202 205 206 207.
208 209 210 211.
212 213 214 215.
216 217 218 219.
18 1 2 3.
4 5 6 17.
20 21 22 23 24 25 26 31 27 32 28 29 34 30 33 35.
50 53 52 51.
54 55 56 57.
59 58 16 60.
72 71 70 73.
80 81 82 83.
84 85.
86 87.
88 89.
90 91.
92 93.
94 95.
96 97.
103 102 101 100.
102 104.
101 105.
109 108 107 106.
106 110.
107 111.
24 25 116 115.
130 132 133 131.
150 151 152 153.
236 237 230 231.
236 237 233 232.
233 237 230 234.
232 233 234 235.
232 236 231 235.
250 251 252 253.
253 252 254 255.
260 261 262 263.
260 261 265 264.
264 260 263 266.
265 261 262 267.
266 267.
280 281 282 283.
283 282 284 285.
290 291 292 293.
294 295 291 290.
300 301 302 303.
300 301 304 305.
294 290 293 296.
295 291 292 297.
115 117.
116 118.
119 120 6 5.
119 121.
120 122.
310 311 312 313.
320 324 325 321.
321 325 327 323.
130 131 133 132.
152 151 150 153.
233 234 230 237.
232 233 237 236.
232 235 231 236.
265 267 262 261.
264 266 263 260.
264 265 261 260.
295 294 290 291.
294 296 293 290.
295 297 292 291.
72 73 70 71.